Year,Round,Team,Opposition,#,Player,KI,MK,HB,DI,GL,BH,HO,TK,RB,IF,CL,CG,FF,FA,BR,CP,UP,CM,MI,1%,BO,GA,%P,Subbed
2015,EF,North Melbourne,Richmond,18 ,"Atley, Shaun",8,3,9,17, , , ,1,1,1, ,2, ,1, ,5,11, , ,1,1, ,82
2015,EF,North Melbourne,Richmond,50 ,"Brown, Ben",5, ,3,8,2,1,3,2, , , ,1,1,1, ,7,1, , ,1, , ,73
2015,EF,North Melbourne,Richmond,10 ,"Cunnington, Ben",10,1,11,21, , , ,3,1,6,7,3,2,2, ,12,10, , ,3, , ,73
2015,EF,North Melbourne,Richmond,15 ,"Dal Santo, Nick",9,2,6,15, , ,1,3,2,5,3,4, ,2, ,6,9,1, ,1,1,1,83
2015,EF,North Melbourne,Richmond,11 ,"Firrito, Michael",7,5,3,10, , , , ,3,2, ,2,1,1, ,6,3,3, ,6, , ,91
2015,EF,North Melbourne,Richmond,27 ↓,"Garner, Taylor",6,2,4,10,1, , ,2, ,3,1, , , , ,3,7,2,1,2, ,2,60
2015,EF,North Melbourne,Richmond,43 ,"Gibson, Sam",11,6,9,20, , , ,3, ,2,1,1,1, , ,7,13, ,1, , , ,91
2015,EF,North Melbourne,Richmond,22 ,"Goldstein, Todd",7,3,6,13, , ,46,2, ,5,3,2,1,1, ,9,5,2, ,4, ,1,91
2015,EF,North Melbourne,Richmond,6 ,"Hansen, Lachlan",11,9,10,21, , , , ,2,2, , ,1, , ,9,14,2, ,3,1, ,90
2015,EF,North Melbourne,Richmond,29 ,"Harvey, Brent",16,2,15,31,2, , ,1,2,3,7,3,1, , ,14,18, , ,1,1,2,87
2015,EF,North Melbourne,Richmond,4 ,"Higgins, Shaun",12,8,3,15,1,3, ,4,1,6,4,2,2,1, ,6,9,1,3, , ,1,89
2015,EF,North Melbourne,Richmond,5 ,"Jacobs, Ben",4,3,5,9, , , ,8, ,2,1,1, ,1, ,4,5,1,1, , , ,85
2015,EF,North Melbourne,Richmond,34 ,"Macmillan, Jamie",9,5,11,20,1, , ,1,4,1, ,1,1, , ,9,11,1,1,3, , ,83
2015,EF,North Melbourne,Richmond,28 ,"Nahas, Robin",7,2,2,9,1, , ,4, ,2, ,1,1, , ,5,3, , ,1,1,1,86
2015,EF,North Melbourne,Richmond,20 ,"Petrie, Drew",12,5,1,13,2,3, ,1, ,2, , , , , ,4,9,1,2,3, ,1,92
2015,EF,North Melbourne,Richmond,9 ,"Swallow, Andrew",8,2,14,22, , , ,9,1,2,7,1,5, , ,13,9, , , , , ,77
2015,EF,North Melbourne,Richmond,25 ,"Tarrant, Robbie",4,1,6,10, , , ,3,2,1,1,3, ,2, ,7,4, , ,4, , ,88
2015,EF,North Melbourne,Richmond,12 ↑,"Thomas, Lindsay",3,1, ,3,1, , ,1, , , ,3, ,2, , ,3, , , , , ,24
2015,EF,North Melbourne,Richmond,16 ,"Thompson, Scott",6,3,3,9, , , ,1,2, , ,2,2,2, ,4,6,1, ,3, , ,99
2015,EF,North Melbourne,Richmond,30 ,"Waite, Jarrad",12,8,4,16,4,2, ,7, ,3,1,4,1, , ,6,10,2,5, ,1, ,90
2015,EF,North Melbourne,Richmond,19 ,"Wright, Sam",12,4,2,14, , , ,1,4,5,1,1,1,1, ,3,11, , ,3, ,1,89
2015,EF,North Melbourne,Richmond,7 ,"Ziebell, Jack",17,7,6,23, ,1,1,2,2,2,5,5, , , ,9,13, , , , , ,78
