Year,Round,Team,Opposition,#,Player,KI,MK,HB,DI,GL,BH,HO,TK,RB,IF,CL,CG,FF,FA,BR,CP,UP,CM,MI,1%,BO,GA,%P,Subbed
2000,14,Hawthorn,St Kilda,27 ,"Barker, John",14,9,5,19, , , ,2,7,1, ,2,1, , ,10,8,5, ,1, , , 
2000,14,Hawthorn,St Kilda,33 ,"Barlow, Kris",16,10,3,19,1,1, ,4,4,5,1,1, , , ,6,13,1,1,1,1, , 
2000,14,Hawthorn,St Kilda,22 ,"Bowyer, Glen",17,6,8,25,2,1, ,1,4,4,1,3,1,1, ,9,18,1,1,3, , , 
2000,14,Hawthorn,St Kilda,1 ,"Chapman, Nathan",4,3,2,6,1, , ,1, ,1, ,1, ,1, ,3,3, ,1,1, , , 
2000,14,Hawthorn,St Kilda,17 ,"Chick, Daniel",11,5,8,19,1, , ,11,5, ,3, ,2, , ,9,11, , ,6,3, , 
2000,14,Hawthorn,St Kilda,9 ,"Crawford, Shane",17,4,19,36,1, , ,3,2,7,7,2,1, ,3,9,22, ,1,4,2, , 
2000,14,Hawthorn,St Kilda,24 ,"Croad, Trent",12,9,1,13,5,5, , , ,2, ,1,2, ,2,5,8,2,8,1, , , 
2000,14,Hawthorn,St Kilda,19 ,"Dixon, Ben",4,2, ,4,2, , ,3, , , , , , , ,1,3, ,2, , , , 
2000,14,Hawthorn,St Kilda,34 ,"Graham, Mark",14,9,8,22,1, ,1,1,1,3, , , ,3, ,6,13,2,2,2, , , 
2000,14,Hawthorn,St Kilda,5 ,"Harford, Daniel",12,5,8,20,1, , ,1,1,3,5, ,1,1,1,8,13, ,2,1,2, , 
2000,14,Hawthorn,St Kilda,3 ,"Hay, Jonathan",7,6,3,10, , , ,1,3, ,1,2,2,1, ,8,3,3, ,3,2, , 
2000,14,Hawthorn,St Kilda,2 ,"Holland, Nick",11,8,5,16,3, ,1, , ,5,2,5,1,1, ,7,9,3,1,1, , , 
2000,14,Hawthorn,St Kilda,37 ,"Lekkas, Angelo",5,3,4,9,1, , ,2, ,4,4, ,1, , ,4,6, , ,4, , , 
2000,14,Hawthorn,St Kilda,7 ,"McCabe, Luke",13,5,9,22, , , ,1,6,2,2,4, , , ,9,11, ,1,6,1, , 
2000,14,Hawthorn,St Kilda,13 ,"Picioane, Lance",4,2,8,12,1, , ,1,1,2,2,1,1, , ,6,7, ,1,1, , , 
2000,14,Hawthorn,St Kilda,32 ,"Rock, Anthony",13,5,6,19,2, , ,1,1,3,4, , ,1, ,8,11, ,1,1, , , 
2000,14,Hawthorn,St Kilda,4 ,"Salmon, Paul",8,5,2,10,2, ,27,1,2, ,3, ,2,1, ,4,7, ,1,3, , , 
2000,14,Hawthorn,St Kilda,11 ,"Smith, Joel",4, ,3,7, , , , , , , ,1, ,1, ,1,5, , , , , , 
2000,14,Hawthorn,St Kilda,29 ,"Tallis, Rayden",8,4,5,13, , , ,1,3, ,1,4,1,1, ,5,8,1, , , , , 
2000,14,Hawthorn,St Kilda,6 ,"Taylor, Richard",12,3,5,17,1, , ,3,1,6,3,1, , , ,4,13, , ,2,1, , 
2000,14,Hawthorn,St Kilda,16 ,"Thompson, Nathan",13,9,5,18,2,2,5, ,2,4,1,2, , , ,8,10,4,6, , , , 
2000,14,Hawthorn,St Kilda,30 ,"Woods, Tony",5,2,3,8, , , ,2, ,2,1, ,1,1, ,2,6, , , , , , 
